TEXTURES 2
models\snow.bmp
FACES 2

-200 0 -200 0 75
-200 0 200 0 0
200 0 200 75 0
200 0 200 75 0
200 0 -200 75 75
-200 0 -200 0 75

textures\fence.bmp
FACES 8
-200 5 -200 0 1
-200 0 -200 0 0
200 0 -200 50 0
200 0 -200 50 0
200 5 -200 50 1
-200 5 -200 0 1

200 5 200 0 1
200 0 200 0 0
-200 0 200 50 0
-200 0 200 50 0
-200 5 200 50 1
200 5 200 0 1

-200 5 200 0 1
-200 0 200 0 0
-200 0 -200 50 0
-200 0 -200 50 0
-200 5 -200 50 1
-200 5 200 0 1

200 5 -200 0 1
200 0 -200 0 0
200 0 200 50 0
200 0 200 50 0
200 5 200 50 1
200 5 -200 0 1

OBJECTS 2
models\snowman.msm
BOUNDINGBOXFACES 4
-1 10 0.7
-1 0 0.7
1 0 0.7
1 10 0.7

1 10 0.7
1 0 0.7
1 0 -0.7
1 10 -0.7

1 10 -0.7
1 0 -0.7
-1 0 -0.7
-1 10 -0.7

-1 10 -0.7
-1 0 -0.7
-1 0 0.7
-1 10 0.7

ALL 3
10 0 0
100 0 -40
-80 0 70
models\tree.msm
BOUNDINGBOXFACES 4
-1 10 0.7
-1 0 0.7
1 0 0.7
1 10 0.7

1 10 0.7
1 0 0.7
1 0 -0.7
1 10 -0.7

1 10 -0.7
1 0 -0.7
-1 0 -0.7
-1 10 -0.7

-1 10 -0.7
-1 0 -0.7
-1 0 0.7
-1 10 0.7
ALL 4
0 0 -30
-30 0 30
130 0 -90
-160 0 80





