NUMPTS 95
535.412 907.070 387.701
534.777 906.389 387.335
2.000
435.231 798.088 331.413
434.610 797.383 331.072
2.000
372.981 651.007 306.697
372.838 650.018 306.663
2.000
277.882 405.451 389.878
277.171 404.800 390.142
2.000
61.235 237.832 470.885
60.655 237.437 470.173
2.000
-9.297 188.594 414.082
-10.163 188.750 414.557
2.000
-9.297 188.594 414.082
-9.881 188.713 413.279
2.000
-9.297 188.594 414.082
-8.710 188.623 413.273
2.000
-9.297 188.594 414.082
-8.309 188.612 414.231
2.000
-9.297 188.594 414.082
-8.710 188.572 413.273
2.000
-9.297 188.594 414.082
-9.561 188.527 413.120
2.000
-9.297 188.594 414.082
-10.287 188.470 414.014
2.000
-171.751 174.565 465.586
-172.500 174.538 464.925
2.000
-355.850 170.284 395.381
-356.131 170.252 394.422
2.000
-398.984 159.395 249.985
-398.331 159.280 249.237
2.000
-334.039 143.429 192.144
-333.242 143.207 191.583
2.000
-306.758 143.429 222.354
-306.748 143.231 221.374
2.000
-306.758 143.429 222.354
-307.118 143.296 221.431
2.000
-336.381 141.291 175.096
-337.098 141.167 174.411
2.000
-336.381 141.291 175.096
-337.375 141.193 175.118
2.000
-336.381 141.291 175.096
-337.343 141.544 175.190
2.000
-372.887 155.223 193.200
-373.694 155.536 193.701
2.000
-389.764 161.804 204.304
-390.468 162.092 204.954
2.000
-389.764 161.804 204.304
-389.972 161.970 205.268
2.000
-389.015 168.727 292.787
-388.589 168.684 293.691
2.000
-289.791 161.523 349.445
-288.875 161.470 349.843
2.000
-164.262 154.902 389.306
-163.266 154.812 389.335
2.000
-27.901 131.053 362.162
-27.076 130.815 361.649
2.000
41.422 105.441 268.068
41.918 105.318 267.208
2.000
197.644 105.942 72.927
198.303 105.898 72.401
2.000
250.835 105.077 47.436
251.661 105.064 47.260
2.000
250.835 105.077 47.436
251.448 105.117 48.016
2.000
310.159 91.793 67.319
310.667 91.396 67.865
2.000
382.852 63.580 152.651
383.356 63.584 153.328
2.000
382.852 63.580 152.651
383.318 64.241 152.893
2.000
382.852 63.580 152.651
383.097 64.225 153.138
2.000
382.852 63.580 152.651
383.253 64.322 152.602
2.000
382.852 63.580 152.651
383.421 63.456 153.262
2.000
382.852 63.580 152.651
382.955 63.514 153.487
2.000
385.605 54.962 319.891
385.485 54.935 320.726
2.000
360.203 59.605 493.655
360.081 59.827 494.461
2.000
360.203 59.605 493.655
359.594 59.800 494.207
2.000
360.203 59.605 493.655
359.383 59.769 493.536
2.000
360.203 59.605 493.655
359.698 59.218 493.099
2.000
360.203 59.605 493.655
359.959 59.318 492.899
2.000
330.464 17.044 417.518
330.262 16.951 416.703
2.000
330.464 17.044 417.518
329.725 17.010 417.927
2.000
359.883 55.564 356.342
359.633 55.074 356.983
2.000
381.337 54.797 366.810
382.180 54.773 366.757
2.000
397.774 57.018 246.544
397.827 57.002 245.701
2.000
358.033 63.758 131.932
357.593 63.829 131.214
2.000
303.892 82.632 53.320
303.411 82.798 52.645
2.000
265.665 89.131 34.475
264.915 89.112 34.863
2.000
130.797 79.990 61.107
130.102 79.943 60.628
2.000
112.912 78.682 21.444
112.911 78.686 20.599
2.000
147.493 79.117 -99.736
147.961 79.107 -100.439
2.000
225.490 78.107 -141.627
226.289 78.103 -141.900
2.000
306.591 77.030 -183.934
307.206 77.027 -184.513
2.000
372.932 78.275 -232.093
373.769 78.289 -231.977
2.000
372.932 78.275 -232.093
373.612 78.555 -231.678
2.000
297.054 111.534 -266.902
297.706 111.076 -266.621
2.000
267.117 132.507 -279.766
267.912 132.226 -279.816
2.000
260.413 113.205 -235.531
260.535 113.495 -236.315
2.000
177.826 108.308 -122.134
178.482 108.294 -122.666
2.000
160.616 107.159 -97.645
161.445 107.053 -97.764
2.000
263.026 95.799 -105.225
263.865 95.712 -105.183
2.000
263.026 95.799 -105.225
263.833 95.717 -105.459
2.000
263.026 95.799 -105.225
263.562 95.739 -105.875
2.000
263.026 95.799 -105.225
263.064 95.754 -106.068
2.000
263.026 95.799 -105.225
262.512 95.762 -105.894
2.000
244.248 94.882 -119.737
243.404 94.852 -119.695
2.000
166.180 93.384 -107.729
165.426 93.335 -107.352
2.000
134.230 89.934 -49.491
134.049 89.874 -48.668
2.000
111.416 83.853 52.161
111.194 83.810 52.975
2.000
23.951 72.012 33.490
23.299 72.074 32.957
2.000
-21.563 79.795 -45.117
-21.845 79.873 -45.910
2.000
-52.645 85.577 -111.576
-53.212 85.625 -112.199
2.000
-141.543 83.353 -149.609
-142.370 83.280 -149.760
2.000
-215.650 76.621 -164.513
-216.428 76.538 -164.832
2.000
-303.699 66.840 -188.737
-304.226 66.730 -189.387
2.000
-365.796 57.351 -243.923
-366.063 57.301 -244.723
2.000
-328.651 128.501 -246.518
-329.142 128.038 -247.026
2.000
-424.938 136.662 -239.351
-424.815 136.296 -240.102
2.000
-474.825 114.423 -304.184
-474.444 114.115 -304.872
2.000
-394.608 90.706 -391.293
-395.027 90.282 -391.891
2.000
-324.597 107.346 -459.566
-325.266 107.001 -459.950
2.000
-398.088 97.936 -541.974
-397.384 97.662 -541.596
2.000
-266.658 90.327 -495.772
-265.825 90.373 -495.641
2.000
-112.519 127.035 -485.919
-113.294 126.704 -485.971
2.000
-2.937 120.164 -464.506
-2.117 120.012 -464.369
2.000
154.254 107.613 -466.148
155.096 107.560 -466.188
2.000
218.126 109.236 -394.161
218.426 109.270 -393.372
2.000
218.126 109.236 -394.161
218.083 109.285 -393.318
2.000
218.126 109.236 -394.161
217.820 109.294 -393.375
2.000
218.126 109.236 -394.161
217.620 109.288 -393.486
2.000
