NUMMESHES 73
0
1.000000
-183.419968
-573.085266 99.939362 503.396515
0
1.475716
-95.219933
-556.838196 101.321259 40.317162
1
1.000000
-73.620041
-576.269043 34.528831 -439.768982
2
1.000000
0.000000
-544.483276 112.387070 242.825729
3
0.695489
-126.719940
-567.479675 122.138130 396.581543
3
0.783491
-126.719940
-560.638306 67.299660 -70.026497
5
0.525484
-126.719940
-539.955261 39.024914 -215.258789
3
0.489992
-87.929970
-566.094727 18.203928 -330.322235
4
0.554254
0.000000
-406.745453 31.865259 -589.982300
4
0.554254
0.000000
-201.759689 40.111767 -587.920776
4
0.554254
0.000000
-117.912636 49.226974 -584.452454
5
1.261495
22.230022
-37.318203 47.418812 -574.305054
4
0.719506
62.550091
59.833187 50.937244 -581.813843
4
1.084002
0.000000
169.593048 44.099216 -591.114197
0
1.430469
-101.519936
350.862518 33.179073 -583.989624
2
1.030248
0.000000
582.552246 36.856956 -576.248901
0
1.613956
-44.550056
572.150757 50.713459 -329.152283
0
2.253680
-44.550056
573.050781 21.780619 1.240358
0
1.607713
53.190060
-298.984070 19.640991 -591.663574
1
1.475965
-79.110008
578.967957 54.038719 513.355286
1
3.128480
-79.110008
-318.349487 82.361183 568.030945
0
3.128480
-115.199898
-95.694695 62.929218 555.007935
2
0.787995
29.070034
523.432129 56.589600 531.560059
2
0.787995
88.200012
384.437134 57.003529 540.458435
2
0.915995
88.200012
160.259338 39.799290 563.656799
6
0.627986
0.000000
-548.544312 21.318148 -433.111298
6
0.627986
-88.740082
-258.645142 4.956629 -530.697815
6
0.627986
4.319992
-568.984802 -4.077042 -586.739319
6
0.410233
-51.210079
-353.141602 19.945446 -400.014893
7
0.297235
0.000000
-302.334534 15.563165 -479.938507
8
1.000000
0.000000
54.019623 111.127777 -183.598297
9
1.000000
0.000000
-63.964291 77.949226 61.572948
7
0.390984
-64.170090
-497.492950 37.635506 -283.753845
10
1.000000
0.000000
-257.412720 46.704193 -365.015808
9
1.000000
0.000000
-184.123108 57.915966 -502.708069
10
1.000000
0.000000
93.176262 68.090088 422.598175
10
1.000000
-105.120102
28.482063 56.324020 210.021423
9
1.000000
0.000000
177.136292 60.531124 191.178223
12
0.137491
-85.050087
474.288239 62.091488 -120.831017
8
2.214666
0.000000
635.951233 54.230251 87.540573
8
2.214666
0.000000
591.813232 47.544586 271.917297
8
2.214666
0.000000
634.037720 77.229233 395.874908
8
2.214666
-56.880081
658.545837 186.456482 180.071716
8
2.214666
-97.739807
634.863953 241.124237 355.104218
8
2.214666
-97.739807
629.787292 213.747681 56.495255
8
2.214666
-97.739807
651.583740 334.502075 152.545059
8
2.214666
-97.739807
658.223511 361.916992 302.261780
9
1.000000
0.000000
-475.190857 66.587494 -171.240463
8
0.747743
15.660012
-361.945099 145.466522 65.111282
8
0.566490
0.000000
-439.220154 138.175949 138.463196
8
0.682492
0.000000
-246.868484 137.443237 117.982002
8
0.518238
-64.800087
-242.641174 139.127441 202.741714
13
0.010239
-108.989731
416.576141 62.732010 -233.224411
13
0.010239
-68.580025
417.752930 61.782032 -231.884964
13
0.010239
-29.880005
419.259949 62.187878 -230.487976
13
0.010239
6.390031
421.223938 61.946716 -229.898300
13
0.010239
38.160080
422.410431 62.294128 -231.170090
13
0.010239
73.980034
421.609589 62.637131 -232.237717
13
0.010239
114.929619
420.389465 62.879421 -233.591492
13
0.010239
141.569580
418.562988 63.304474 -235.160904
13
0.012739
174.059921
417.379120 62.466942 -233.756439
8
0.827748
69.480072
193.068558 60.790215 -23.551725
10
0.827748
29.970028
49.117752 69.017067 -448.005737
14
0.399500
35.820007
363.815063 22.070351 132.980865
14
0.399500
-6.929992
393.429871 22.208834 288.753937
14
0.399500
-8.369995
378.231750 22.332865 395.520721
14
0.399500
-6.929992
363.266876 22.709045 501.457062
15
4.208054
0.000000
-409.915497 125.229248 174.091797
15
4.208054
35.819996
-383.202728 124.851532 111.983322
15
5.133823
-37.799995
-359.364075 124.584137 138.045288
15
5.073822
13.230001
-330.432190 124.444336 143.203552
15
5.073822
13.230001
-304.275055 124.689224 174.981003
16
3.061779
0.000000
0.000000 121.957703 -45.903713
