Data/Models/House1.mmd
33
10 0 -10 270 3
10 0 -30 270 3
10 0 -50 270 3
10 0 -70 270 3
10 0 -90 270 3
10 0 -110 270 3
-10 0 -10 90 3
-10 0 -30 90 3
-10 0 -50 90 3
-10 0 -70 90 3
-10 0 -90 90 3
-10 0 -110 90 3
0 0 -130 0 3
-20 0 -130 0 3
-40 0 -130 0 3
-60 0 -130 0 3
-20 0 -110 0 3
-40 0 -110 0 3
-60 0 -110 0 3

35 0 60 270 3
15 0 60 90 3
45 0 70 270 3
5 0 70 90 3
55 0 80 270 3
-5 0 80 90 3
65 0 90 270 3
-15 0 90 90 3
75 0 100 270 3
-25 0 100 90 3
85 0 110 270 3
-35 0 110 90 3
95 0 120 270 3
-45 0 120 90 3


