Data/Models/Tree1.mmd
26
-10 0 -20.0 90 1.5f
10 0 -40.0 36 2
-10 0 -60.0 270 2.5f
10 0 -80.0 180 2
10 0 -100.0 180 3
-90 0 -5 0 2
-90 0 -20 90 2

10 0 0 90 2.5f
-10 0 0 180 2
20 0 20 90 2.5f
0 0 20 180 2
30 0 40 90 2.5f
10 0 40 180 2

25 0 125 50 3
45 0 125 150 3

99.37 0.00 92.10 107 2.00
33.50 0.00 27.75 220 2.5
91.43 0.00 -48.98 244 2.24
27.29 0.00 -107.37 198 2.7
-28.34 0.00 -144.31 344 2.23
-99.40 0.00 -112.16 65 2.2
-38.99 0.00 -79.40 267 2.95
-50.76 0.00 -7.25 131 2.42
-20.91 0.00 53.72 62 2.25
-89.59 0.00 106.00 36 2.75
-146.87 0.00 -6.75 204 2.86