-297.96 4.01 301.46 -297.28 4.01 300.73 2000
31
-210.70 10.01 209.44 -210.03 10.33 208.76 2000
-161.42 30.50 159.53 -160.74 30.54 158.79 2000
-161.42 30.50 159.53 -161.18 30.48 158.56 2000
-161.42 30.50 159.53 -160.43 30.41 159.37 2000
2.82 4.32 102.63 3.82 4.34 102.60 2000
15.93 4.25 74.37 16.20 4.25 75.34 2000
14.31 5.87 75.44 14.29 5.83 76.44 2000
15.46 4.53 115.40 15.39 4.71 116.38 2000
15.46 4.53 115.40 15.63 4.53 114.42 2000
25.31 3.90 65.52 24.95 3.89 64.59 2000
-1.20 3.65 -10.09 -1.18 3.67 -11.09 2000
-0.24 6.22 -52.27 -0.24 5.97 -53.24 2000
1.40 9.32 -79.04 2.28 9.25 -79.52 2000
1.40 9.32 -79.04 1.96 9.28 -78.21 2000
1.40 9.32 -79.04 0.42 9.31 -79.21 2000
-64.08 11.64 -94.70 -64.49 11.61 -93.79 2000
-74.88 5.21 -24.84 -74.95 5.15 -23.85 2000
-75.67 4.43 -12.90 -74.84 4.48 -12.33 2000
-75.67 4.43 -12.90 -76.29 4.44 -12.11 2000
-88.27 4.06 17.70 -88.58 4.10 18.65 2000
-102.46 4.10 40.59 -102.72 4.09 41.56 2000
-102.46 4.10 40.59 -101.97 4.05 41.46 2000
-148.59 9.38 15.94 -148.43 9.17 14.97 2000
-113.79 4.35 -103.12 -112.87 4.30 -103.52 2000
52.27 4.17 -105.43 52.76 4.18 -104.56 2000
81.83 3.94 -69.50 81.82 3.93 -68.50 2000
105.10 14.02 -89.02 104.37 13.71 -88.41 2000
29.20 40.42 -150.92 29.35 40.01 -150.02 2000
122.76 71.29 -140.17 122.04 70.85 -139.63 2000
205.52 100.50 -109.51 204.71 100.05 -109.13 2000
228.71 193.21 -257.62 228.19 192.64 -256.97 2000
