TOWERS 7

COLBOX 5
POINTS 4
-3 3 3.6
3 3 3.6
3 0 3.6
-3 0 3.6

POINTS 4
-3 3 -3.6
3 3 -3.6
3 0 -3.6
-3 0 -3.6

POINTS 4
3 3 -3.6
3 3 3.6
3 0 3.6
3 0 -3.6

POINTS 4
-3 3 -3.6
-3 3 3.6
-3 0 3.6
-3 0 -3.6

POINTS 4
-3 3 -3.6
3 3 -3.6
3 3 3.6
-3 3 3.6

-121 -3.5 -505
-26 -4.5 -543
-839 -33 -1072
-850 -19 -2210
-807 -19 -2150
-570 -18 -1812
-1143 -45 -1694

SPIDERWEB 4

-115 27 -377
-75 27 -377
-75 -13 -377
-115 -13 -377

TYPE NORMAL
NESTS 5
3
4
5
4
2

-303 6 -783
-303 6 -823
-303 -34 -823
-303 -34 -783

TYPE NORMAL
NESTS 8
1
2
1
2
2
1
2
3

-217 36 -1268
-217 36 -1218
-217 -14 -1218
-217 -14 -1268

TYPE ICE
NESTS 5
5
6
7
3
2

-991 35 -1530
-951 35 -1530
-951 -5 -1530
-991 -5 -1530

TYPE ICE
NESTS 7
4
3
7
2
4
5
2